common:
    lid_topic:  "/os_cloud_node/points"
    imu_topic:  "/vn100/imu"
    time_sync_en: false         # ONLY turn on when external time synchronization is really not possible
    time_offset_lidar_to_imu: 0.0 # Time offset between lidar and IMU calibrated by other algorithms, e.g. LI-Init (can be found in README).
    # This param will take effect no matter what time_sync_en is. So if the time offset is not known exactly, please set as 0.0

#filter_size_surf: 0.5
#filter_size_map: 0.5
#point_filter_num: 1

ram_analysis: false

odom_path: "/home/xingyu/catkin_ws/output/bag/experiments/ntu_02/fast_lio/ntu_02_fslo.txt"
map_file_path: "/home/xingyu/catkin_ws/output/bag/experiments/ntu_02/my/"

preprocess:
    lidar_type: 3                # 1 for Livox serials LiDAR, 2 for Velodyne LiDAR, 3 for ouster LiDAR,
    scan_line: 128
    scan_rate: 10                # only need to be set for velodyne, unit: Hz,
    timestamp_unit: 3                 # 0-second, 1-milisecond, 2-microsecond, 3-nanosecond.
    blind: 3

fit:
    dist_thd: 0.1
    inlier_prob_thd: 0.8

mapping:

    degenerate_thd: 0.75
    acc_cov: 0.1
    gyr_cov: 0.1
    b_acc_cov: 0.0001
    b_gyr_cov: 0.0001

    fov_degree:    180
    det_range:     150.0
    extrinsic_est_en:  true      # true: enable the online estimation of IMU-LiDAR extrinsic

    # Oxford: lidar to imu
#    extrinsic_T: [ -0.0063, 0.0118, 0.0285]
#    extrinsic_R: [ -1.0,  0.0,  0.0,
#                   0.0, -1.0,  0.0,
#                   0.0,  0.0,  1.0]
    # no need to trans again
#    v1_T_v2_t: [0, 0, 0]
#    v1_T_v2_R: [1, 0, 0,
#                0, 1, 0,
#                0, 0, 1]

#    # imu to gt
#    v1_T_v2_t: [-0.04421206, 0.01739429, -0.01580184]
#    v1_T_v2_R: [0.99998986 , 0.00302971 , 0.00333163,
#                -0.0030345 ,  0.99999437,  0.00143229,
#                -0.00332727, -0.00144238,  0.99999342]


    #### calib_09_30
    # G_T_L
#    extrinsic_T: [ -8.086759e-01, 3.195559e-01, -7.997231e-01 ]
#    extrinsic_R: [ 9.999976e-01, 7.553071e-04, -2.035826e-03,
#                   -7.854027e-04, 9.998898e-01, -1.482298e-02,
#                   2.024406e-03, 1.482454e-02, 9.998881e-01 ]
    # L_T_I
#    v1_T_v2_t: [-8.086759e-01, 3.195559e-01, -7.997231e-01]
#    v1_T_v2_R: [9.999976e-01, 7.553071e-04, -2.035826e-03,
#                -7.854027e-04, 9.998898e-01, -1.482298e-02,
#                2.024406e-03, 1.482454e-02, 9.998881e-01 ]

    #   MCD_viral dataset
    #    v1_T_L
    extrinsic_T: [ -0.057641264816183, 0.012413647990074, -0.020314659994286]
    extrinsic_R: [0.999952473408854,  0.006268964451975, -0.007467423398803,
                  0.006372805754146, -0.999882193502238, -0.013963622785029,
                  -0.007379006587289, -0.014010548974605, -0.999874617971481 ]
#   v1_T_v1
    v1_T_v2_t: [ 0, 0, 0]
    v1_T_v2_R: [1.0, 0, 0,
                0, 1.0, 0,
                0, 0, 1.0]

    #   real v1_T_v2
#    v1_T_v2_t: [-0.008811912466046196, -0.012837544242408117, 0.12806742721450512]
#    v1_T_v2_R: [ -0.014717725649927628, 0.9998645106079115, 0.007372175967553206,
#                 -0.999886049294319, -0.01474200463394214, 0.0032498809168047967,
#                 0.003358121244690939, -0.007323505047170978, 0.9999675441210739]


    #   v1_T_os
#    v1_T_v2_t: [-0.054520840511489074, -0.0009639255476966433, -0.02808580726762893]
#    v1_T_v2_R: [ 0.9999346552051253, 0.003477624535785226, -0.010889970036653922,
#                 0.0035871433024742896, -0.9999430279821203, 0.010053516443528802,
#                 -0.010854387257631293, -0.010091923381640033, -0.9998901616476304]




voxel:
    voxel_size: 1.2
    max_cor_dis: 1.0
    reg_method: 1           # NONE = 0, MIN_EIG = 1, NORMALIZED_MIN_EIG, PLANE, FROBENIUS
    nh_search_method: 1     # DIRECT27 = 0, DIRECT7 = 1, DIRECT1, DIRECT_RADIUS
    cov_acmu_method: 1      # ADDITIVE = 0, ADDITIVE_WEIGHTED = 1, MULTIPLICATIVE
    num_threads: 8
    map_x: 1000
    map_y: 1000
    map_z: 20
    sim_thd: 0.85
    wall_coef: 1
    ground_coef: 1
    pole_coef: 1
    senior_thd: 100000
    fresh_thd: 5

publish:
    path_en:  false
    scan_publish_en:  true       # false: close all the point cloud output
    dense_publish_en: false       # false: low down the points number in a global-frame point clouds scan.
    scan_bodyframe_pub_en: false  # true: output the point cloud scans in IMU-body-frame

pcd_save:
    pcd_save_en: false
    interval: -1                 # how many LiDAR frames saved in each pcd file;
    # -1 : all frames will be saved in ONE pcd file, may lead to memory crash when having too much frames.